==============================1
1 0
 2 4.16 
3 0
 4 0
 5 3.48 
6 0
 7 0
 8 0
 9 4.72 
10 0
 11 0
 12 8.24 
13 4.72 
14 0
 15 0
 ==============================2
1 6.0 
2 4.76 
3 0
 4 0
 5 3.48 
6 5.54 
7 0
 8 3.34 
9 0
 10 5.87 
11 3.37 
12 0
 13 0
 14 0
 15 0
 ==============================3
1 0
 2 5.93 
3 0
 4 3.52 
5 0
 6 0
 7 0
 8 0
 9 0
 10 5.41 
11 4.78 
12 0
 13 0
 14 0
 15 0
 ==============================4
1 0
 2 0
 3 0
 4 0
 5 0
 6 0
 7 8.0 
8 3.0 
9 0
 10 0
 11 0
 12 0
 13 0
 14 6.0 
15 0
 ==============================5
1 0
 2 5.45 
3 0
 4 4.13 
5 0
 6 0
 7 0
 8 0
 9 0
 10 6.01 
11 3.0 
12 0
 13 0
 14 0
 15 7.0 
==============================6
1 6.21 
2 0
 3 0
 4 3.11 
5 0
 6 0
 7 0
 8 3.27 
9 0
 10 5.22 
11 3.0 
12 9.29 
13 0
 14 0
 15 0
 ==============================7
1 0
 2 0
 3 0
 4 0
 5 4.16 
6 0
 7 0
 8 0
 9 3.56 
10 0
 11 0
 12 0
 13 0
 14 0
 15 0
 ==============================8
1 0
 2 0
 3 0
 4 0
 5 0
 6 0
 7 9.44 
8 3.52 
9 0
 10 0
 11 0
 12 0
 13 0
 14 0
 15 0
 ==============================9
1 0
 2 4.0 
3 0
 4 3.0 
5 3.0 
6 0
 7 0
 8 0
 9 4.11 
10 0
 11 3.0 
12 0
 13 4.0 
14 0
 15 0
 ==============================10
1 0
 2 0
 3 0
 4 0
 5 0
 6 0
 7 0
 8 0
 9 3.49 
10 0
 11 0
 12 0
 13 0
 14 0
 15 0
 