==============================1
1 5
2 5
3 1
4 2
5 4
6 1
7 6
8 0
9 5
10 3
11 3
12 10
13 5
14 5
15 5
==============================2
1 6
2 5
3 6
4 0
5 4
6 7
7 5
8 4
9 0
10 7
11 4
12 5
13 3
14 2
15 5
==============================3
1 5
2 6
3 1
4 4
5 0
6 2
7 4
8 2
9 2
10 6
11 5
12 7
13 3
14 4
15 4
==============================4
1 5
2 1
3 7
4 2
5 2
6 2
7 8
8 3
9 2
10 4
11 0
12 4
13 2
14 6
15 0
==============================5
1 3
2 6
3 0
4 5
5 1
6 4
7 5
8 4
9 1
10 7
11 3
12 4
13 3
14 3
15 7
==============================6
1 7
2 0
3 7
4 4
5 5
6 3
7 7
8 4
9 2
10 7
11 3
12 10
13 1
14 3
15 5
==============================7
1 1
2 3
3 6
4 1
5 5
6 3
7 4
8 2
9 4
10 1
11 0
12 3
13 0
14 4
15 2
==============================8
1 1
2 0
3 7
4 2
5 2
6 2
7 10
8 5
9 1
10 3
11 0
12 6
13 1
14 5
15 0
==============================9
1 2
2 4
3 6
4 3
5 3
6 2
7 1
8 1
9 5
10 2
11 3
12 6
13 4
14 0
15 6
==============================10
1 3
2 2
3 1
4 1
5 2
6 2
7 1
8 2
9 4
10 3
11 0
12 2
13 3
14 5
15 5
