==============================1
1 0
 2 126 
3 0
 4 0
 5 366 
6 0
 7 0
 8 0
 9 661 
10 0
 11 0
 12 94 
13 551 
14 0
 15 0
 ==============================2
1 515 
2 510 
3 0
 4 0
 5 322 
6 181 
7 0
 8 228 
9 0
 10 290 
11 248 
12 0
 13 0
 14 0
 15 0
 ==============================3
1 0
 2 626 
3 0
 4 336 
5 0
 6 0
 7 0
 8 0
 9 0
 10 269 
11 580 
12 0
 13 0
 14 0
 15 0
 ==============================4
1 0
 2 0
 3 0
 4 0
 5 0
 6 0
 7 380 
8 170 
9 0
 10 0
 11 0
 12 0
 13 0
 14 537 
15 0
 ==============================5
1 0
 2 581 
3 0
 4 452 
5 0
 6 0
 7 0
 8 0
 9 0
 10 404 
11 452 
12 0
 13 0
 14 0
 15 689 
==============================6
1 173 
2 0
 3 0
 4 91 
5 0
 6 0
 7 0
 8 225 
9 0
 10 90 
11 53 
12 528 
13 0
 14 0
 15 0
 ==============================7
1 0
 2 0
 3 0
 4 0
 5 521 
6 0
 7 0
 8 0
 9 501 
10 0
 11 0
 12 0
 13 0
 14 0
 15 0
 ==============================8
1 0
 2 0
 3 0
 4 0
 5 0
 6 0
 7 381 
8 138 
9 0
 10 0
 11 0
 12 0
 13 0
 14 0
 15 0
 ==============================9
1 0
 2 244 
3 0
 4 351 
5 199 
6 0
 7 0
 8 0
 9 517 
10 0
 11 483 
12 0
 13 371 
14 0
 15 0
 ==============================10
1 0
 2 0
 3 0
 4 0
 5 0
 6 0
 7 0
 8 0
 9 600 
10 0
 11 0
 12 0
 13 0
 14 0
 15 0
 