==============================1
1 0
 2 0.46
 3 0
 4 0
 5 0.83
 6 0
 7 0
 8 0
 9 0.62
 10 0
 11 0
 12 0.92
 13 0.1
 14 0
 15 0
 ==============================2
1 0.27
 2 0.31
 3 0
 4 0
 5 0.92
 6 0.31
 7 0
 8 0.9
 9 0
 10 0.87
 11 0.56
 12 0
 13 0
 14 0
 15 0
 ==============================3
1 0
 2 0.61
 3 0
 4 0.88
 5 0
 6 0
 7 0
 8 0
 9 0
 10 0.35
 11 0.3
 12 0
 13 0
 14 0
 15 0
 ==============================4
1 0
 2 0
 3 0
 4 0
 5 0
 6 0
 7 0.33
 8 0.94
 9 0
 10 0
 11 0
 12 0
 13 0
 14 0.42
 15 0
 ==============================5
1 0
 2 0.09
 3 0
 4 0.6
 5 0
 6 0
 7 0
 8 0
 9 0
 10 0.65
 11 0.79
 12 0
 13 0
 14 0
 15 0.66
 ==============================6
1 0.37
 2 0
 3 0
 4 0.65
 5 0
 6 0
 7 0
 8 0.32
 9 0
 10 0.73
 11 0.32
 12 0.39
 13 0
 14 0
 15 0
 ==============================7
1 0
 2 0
 3 0
 4 0
 5 0.72
 6 0
 7 0
 8 0
 9 0.23
 10 0
 11 0
 12 0
 13 0
 14 0
 15 0
 ==============================8
1 0
 2 0
 3 0
 4 0
 5 0
 6 0
 7 0.89
 8 0.12
 9 0
 10 0
 11 0
 12 0
 13 0
 14 0
 15 0
 ==============================9
1 0
 2 0.6
 3 0
 4 0.96
 5 0.3
 6 0
 7 0
 8 0
 9 0.36
 10 0
 11 0.65
 12 0
 13 0.17
 14 0
 15 0
 ==============================10
1 0
 2 0
 3 0
 4 0
 5 0
 6 0
 7 0
 8 0
 9 0.62
 10 0
 11 0
 12 0
 13 0
 14 0
 15 0
 